Chr1:
(207666, 257665)
(297968, 347967)
(535988, 585987)
(12954384, 13004383)
(16799163, 16849162)
(121976459, 122026458)
(125184587, 143184586)
(223558935, 223608934)
(228558364, 228608363)
Chr2:
(89330679, 89530678)
(89685992, 89753991)
(90402511, 91402510)
(92138145, 92188144)
(94090557, 94140556)
(94293015, 94496014)
(97439618, 97489617)
Chr3:
(90722458, 90772457)
(93655574, 93705573)
(198235559, 198295558)
Chr4:
(9272916, 9322915)
(49336924, 49486923)
(49658100, 49708099)
(51743951, 51793950)
(190123121, 190173120)
Chr5:
(17530548, 17580547)
(46435900, 46485899)
(50059807, 50109806)
(181478259, 181538258)
Chr6:
(0, 59999)
(58453888, 58553887)
(59829934, 60229933)
(95020790, 95070789)
(167591393, 167641392)
(170745979, 170805978)
Chr7:
(58119653, 58169652)
(60828234, 60878233)
(61327788, 61377787)
(61528020, 61578019)
(61976104, 62026103)
(62456779, 62506778)
(143650804, 143700803)
Chr8:
(0, 59999)
(7617127, 7667126)
(12234345, 12284344)
(43983744, 44033743)
(45877265, 45927264)
(85664222, 85714221)
(145078636, 145138635)
Chr9:
(45518558, 60518557)
(60688432, 60738431)
(60779521, 60829520)
(61003887, 61053886)
(61231966, 61281965)
(61468808, 61518807)
(61735368, 61785367)
(62149738, 62249737)
(62748832, 62798831)
(62958371, 63008370)
(63202862, 63252861)
(63492264, 63542263)
(63918447, 63968446)
(64135013, 64185012)
(64215162, 64315161)
(64998124, 65048123)
(65080082, 65130081)
(65325123, 65375122)
(65595191, 65645190)
(66391387, 66591386)
(67920552, 68220551)
(138334717, 138394716)
Chr10:
(39636682, 39686681)
(41593521, 41693520)
(41916265, 42066264)
(47780368, 47870367)
(133690466, 133740465)
Chr11:
(0, 59999)
(50821348, 51078347)
(54425074, 54525073)
(70955696, 71055695)
Chr12:
(34719407, 34769406)
(37185252, 37235251)
Chr13:
(0, 15999999)
(18051248, 18171247)
(18358106, 18408105)
(86202979, 86252978)
(111703855, 111753854)
(111793441, 111843440)
(113673020, 113723019)
Chr14:
(0, 15999999)
(18173523, 18223522)
(18712644, 18862643)
(19511713, 19611712)
(106883718, 107043717)
Chr15:
(0, 16999999)
(19725254, 19775253)
(21778502, 21828501)
(22308242, 22358241)
(23226874, 23276873)
(84270066, 84320065)
Chr16:
(18436486, 18486485)
(33214595, 33264594)
(33392411, 33442410)
(34289329, 34339328)
(34521510, 34571509)
(36261158, 36311157)
(38280682, 46380681)
(90228345, 90338344)
Chr17:
(0, 59999)
(21992061, 22042060)
(22763679, 22813678)
(26885980, 26935979)
(81742542, 81792541)
Chr18:
(15410899, 15460898)
(20861206, 20911205)
(46969912, 47019911)
(80263285, 80373284)
Chr19:
(0, 59999)
(24448980, 24498979)
(27190874, 27240873)
Chr20:
(0, 59999)
(26386232, 26436231)
(30038348, 30088347)
(30761898, 30811897)
(31001508, 31051507)
(31107036, 31157035)
(64334167, 64444166)
Chr21:
(0, 5009999)
(5166246, 5216245)
(5393558, 5443557)
(5449012, 5499011)
(5627596, 5677595)
(5796009, 5846008)
(5916593, 5966592)
(6161371, 6211370)
(6377258, 6427257)
(6580181, 6630180)
(6739085, 6789084)
(6934219, 6984218)
(7149527, 7199526)
(7327865, 7377864)
(7500890, 7550889)
(7693700, 7743699)
(7865746, 7915745)
(8049839, 8099838)
(8260971, 8310970)
(8472360, 8522359)
(8706715, 8756714)
(8886604, 8986603)
(9196087, 9246086)
(9377143, 9527142)
(10169868, 10269867)
(10274327, 10324326)
(10814560, 10864559)
(12915808, 12965807)
(43212462, 43262461)
Chr22:
(0, 10509999)
(10784643, 10834642)
(10874572, 10924571)
(10966724, 11016723)
(11068987, 11118986)
(11160921, 11210920)
(11378056, 11428055)
(11497337, 11547336)
(11631288, 11681287)
(11724629, 11774628)
(11977555, 12027554)
(12225588, 12275587)
(12438690, 12488689)
(12641730, 12691729)
(12726204, 12776203)
(12818137, 12868136)
(12904788, 12954787)
(15054318, 15154317)
(18239129, 18339128)
(18433513, 18483512)
(18659564, 18709563)
ChrX:
(44821, 94820)
(133871, 222345)
(1949345, 2132993)
(37099262, 37285836)
(49348394, 49528393)
(50228964, 50278963)
(58555579, 58605578)
(62412542, 62462541)
(114281198, 114331197)
(115738949, 115838948)
(120879381, 120929380)
(144425606, 144475605)
ChrY:
(44821, 94820)
(133871, 222345)
(1949345, 2132993)
(9057608, 9107607)
(9403713, 9453712)
(10266944, 10316943)
(10544039, 10594038)
(10694192, 10744191)
(11592902, 11642901)
(20207793, 20257792)
(26673214, 56673213)
(56771509, 56821508)
